0.1 1.0
0.2 1.0
0.3 1.0
0.4 1.0
0.5 1.0
0.6 1.0
0.7 1.0
0.8 1.0
0.9 1.0
1.0 1.0
1.1 1.0
1.2 1.0
1.3 1.0
1.4 1.0
1.5 1.0
1.6 0.99
1.7 1.0
1.8 1.0
1.9 1.0
2.0 1.0
2.1 1.0
2.2 1.0
2.3 0.98
2.4 0.98
2.5 0.98
2.6 1.0
2.7 0.96
2.8 0.97
2.9 0.97
3.0 0.98
3.1 0.98
3.2 0.95
3.3 0.86
3.4 0.93
3.5 0.93
3.6 0.85
3.7 0.87
3.8 0.84
3.9 0.78
4.0 0.82
4.1 0.71
4.2 0.68
4.3 0.7
4.4 0.6
4.5 0.57
4.6 0.5
4.7 0.52
4.8 0.56
4.9 0.4
5.0 0.33
5.1 0.41
5.2 0.36
5.3 0.27
5.4 0.3
5.5 0.27
5.6 0.22
5.7 0.22
5.8 0.2
5.9 0.16
6.0 0.22
6.1 0.24
6.2 0.13
6.3 0.2
6.4 0.11
6.5 0.04
6.6 0.06
6.7 0.06
6.8 0.08
6.9 0.09
7.0 0.03
7.1 0.07
7.2 0.07
7.3 0.06
7.4 0.05
7.5 0.01
7.6 0.01
7.7 0.02
7.8 0.03
7.9 0.0
8.0 0.04
8.1 0.01
8.2 0.01
8.3 0.02
8.4 0.01
8.5 0.01
8.6 0.0
8.7 0.01
8.8 0.0
8.9 0.01
9.0 0.0
9.1 0.01
9.2 0.0
9.3 0.03
9.4 0.0
9.5 0.01
9.6 0.0
9.7 0.0
9.8 0.01
9.9 0.0
